{
 "cells": [
  {
   "cell_type": "code",
   "execution_count": 1,
   "id": "ff204b24-aa3c-4445-905d-9b71c6943c8f",
   "metadata": {},
   "outputs": [],
   "source": [
    "import numpy as np "
   ]
  },
  {
   "cell_type": "code",
   "execution_count": 16,
   "id": "aee14d0b-459b-47e7-acee-3aa9b2bd612f",
   "metadata": {},
   "outputs": [],
   "source": [
    "#transition matrix \n",
    "P = np.array([\n",
    "    [0.4, 0.4, 0.2], \n",
    "    [0.1, 0.7, 0.2],\n",
    "    [0.5, 0.4, 0.1]\n",
    "])"
   ]
  },
  {
   "cell_type": "code",
   "execution_count": 25,
   "id": "d0d7fe87-b487-45a0-be5f-b89b32ece3de",
   "metadata": {},
   "outputs": [],
   "source": [
    "# starting at state 1\n",
    "pi_0 = np.array([1, 0, 0])\n",
    "\n",
    "steps = 20\n",
    "\n",
    "#store probability vectors\n",
    "history = [pi_0]\n",
    "\n",
    "# Multiply iteratively: π_n = π_0 × P^n\n",
    "pi = pi_0.copy()\n",
    "for _ in range(steps):\n",
    "    pi = pi @ P   # matrix multiplication\n",
    "    history.append(pi)"
   ]
  },
  {
   "cell_type": "code",
   "execution_count": 26,
   "id": "f824d20f-d807-49c0-a6de-10b7a49de8b0",
   "metadata": {},
   "outputs": [
    {
     "name": "stdout",
     "output_type": "stream",
     "text": [
      "[[1.         0.         0.        ]\n",
      " [0.4        0.4        0.2       ]\n",
      " [0.3        0.52       0.18      ]\n",
      " [0.262      0.556      0.182     ]\n",
      " [0.2514     0.5668     0.1818    ]\n",
      " [0.24814    0.57004    0.18182   ]\n",
      " [0.24717    0.571012   0.181818  ]\n",
      " [0.2468782  0.5713036  0.1818182 ]\n",
      " [0.24679074 0.57139108 0.18181818]\n",
      " [0.24676449 0.57141732 0.18181818]\n",
      " [0.24675662 0.5714252  0.18181818]\n",
      " [0.24675426 0.57142756 0.18181818]\n",
      " [0.24675355 0.57142827 0.18181818]\n",
      " [0.24675334 0.57142848 0.18181818]\n",
      " [0.24675327 0.57142854 0.18181818]\n",
      " [0.24675325 0.57142856 0.18181818]\n",
      " [0.24675325 0.57142857 0.18181818]\n",
      " [0.24675325 0.57142857 0.18181818]\n",
      " [0.24675325 0.57142857 0.18181818]\n",
      " [0.24675325 0.57142857 0.18181818]\n",
      " [0.24675325 0.57142857 0.18181818]]\n"
     ]
    }
   ],
   "source": [
    "print(history)"
   ]
  },
  {
   "cell_type": "code",
   "execution_count": null,
   "id": "2af665b2-41aa-45e4-b414-b0c5b2e2212e",
   "metadata": {},
   "outputs": [],
   "source": []
  }
 ],
 "metadata": {
  "kernelspec": {
   "display_name": "Python 3 (ipykernel)",
   "language": "python",
   "name": "python3"
  },
  "language_info": {
   "codemirror_mode": {
    "name": "ipython",
    "version": 3
   },
   "file_extension": ".py",
   "mimetype": "text/x-python",
   "name": "python",
   "nbconvert_exporter": "python",
   "pygments_lexer": "ipython3",
   "version": "3.13.3"
  }
 },
 "nbformat": 4,
 "nbformat_minor": 5
}
